1 3 4 
1 3 
1 4 
1 
3 4 
3 
4 
9 8 4 2 
9 8 4 
9 8 2 
9 8 
9 4 2 
9 4 
9 2 
9 
8 4 2 
8 4 
8 2 
8 
4 2 
4 
2 
10 5 7 4 
10 5 7 
10 5 4 
10 5 
10 7 4 
10 7 
10 4 
10 
5 7 4 
5 7 
5 4 
5 
7 4 
7 
4 
10 23 1 2 3 4 5 7 
10 23 1 2 3 4 5 
10 23 1 2 3 4 7 
10 23 1 2 3 4 
10 23 1 2 3 5 7 
10 23 1 2 3 5 
10 23 1 2 3 7 
10 23 1 2 3 
10 23 1 2 4 5 7 
10 23 1 2 4 5 
10 23 1 2 4 7 
10 23 1 2 4 
10 23 1 2 5 7 
10 23 1 2 5 
10 23 1 2 7 
10 23 1 2 
10 23 1 3 4 5 7 
10 23 1 3 4 5 
10 23 1 3 4 7 
10 23 1 3 4 
10 23 1 3 5 7 
10 23 1 3 5 
10 23 1 3 7 
10 23 1 3 
10 23 1 4 5 7 
10 23 1 4 5 
10 23 1 4 7 
10 23 1 4 
10 23 1 5 7 
10 23 1 5 
10 23 1 7 
10 23 1 
10 23 2 3 4 5 7 
10 23 2 3 4 5 
10 23 2 3 4 7 
10 23 2 3 4 
10 23 2 3 5 7 
10 23 2 3 5 
10 23 2 3 7 
10 23 2 3 
10 23 2 4 5 7 
10 23 2 4 5 
10 23 2 4 7 
10 23 2 4 
10 23 2 5 7 
10 23 2 5 
10 23 2 7 
10 23 2 
10 23 3 4 5 7 
10 23 3 4 5 
10 23 3 4 7 
10 23 3 4 
10 23 3 5 7 
10 23 3 5 
10 23 3 7 
10 23 3 
10 23 4 5 7 
10 23 4 5 
10 23 4 7 
10 23 4 
10 23 5 7 
10 23 5 
10 23 7 
10 23 
10 1 2 3 4 5 7 
10 1 2 3 4 5 
10 1 2 3 4 7 
10 1 2 3 4 
10 1 2 3 5 7 
10 1 2 3 5 
10 1 2 3 7 
10 1 2 3 
10 1 2 4 5 7 
10 1 2 4 5 
10 1 2 4 7 
10 1 2 4 
10 1 2 5 7 
10 1 2 5 
10 1 2 7 
10 1 2 
10 1 3 4 5 7 
10 1 3 4 5 
10 1 3 4 7 
10 1 3 4 
10 1 3 5 7 
10 1 3 5 
10 1 3 7 
10 1 3 
10 1 4 5 7 
10 1 4 5 
10 1 4 7 
10 1 4 
10 1 5 7 
10 1 5 
10 1 7 
10 1 
10 2 3 4 5 7 
10 2 3 4 5 
10 2 3 4 7 
10 2 3 4 
10 2 3 5 7 
10 2 3 5 
10 2 3 7 
10 2 3 
10 2 4 5 7 
10 2 4 5 
10 2 4 7 
10 2 4 
10 2 5 7 
10 2 5 
10 2 7 
10 2 
10 3 4 5 7 
10 3 4 5 
10 3 4 7 
10 3 4 
10 3 5 7 
10 3 5 
10 3 7 
10 3 
10 4 5 7 
10 4 5 
10 4 7 
10 4 
10 5 7 
10 5 
10 7 
10 
23 1 2 3 4 5 7 
23 1 2 3 4 5 
23 1 2 3 4 7 
23 1 2 3 4 
23 1 2 3 5 7 
23 1 2 3 5 
23 1 2 3 7 
23 1 2 3 
23 1 2 4 5 7 
23 1 2 4 5 
23 1 2 4 7 
23 1 2 4 
23 1 2 5 7 
23 1 2 5 
23 1 2 7 
23 1 2 
23 1 3 4 5 7 
23 1 3 4 5 
23 1 3 4 7 
23 1 3 4 
23 1 3 5 7 
23 1 3 5 
23 1 3 7 
23 1 3 
23 1 4 5 7 
23 1 4 5 
23 1 4 7 
23 1 4 
23 1 5 7 
23 1 5 
23 1 7 
23 1 
23 2 3 4 5 7 
23 2 3 4 5 
23 2 3 4 7 
23 2 3 4 
23 2 3 5 7 
23 2 3 5 
23 2 3 7 
23 2 3 
23 2 4 5 7 
23 2 4 5 
23 2 4 7 
23 2 4 
23 2 5 7 
23 2 5 
23 2 7 
23 2 
23 3 4 5 7 
23 3 4 5 
23 3 4 7 
23 3 4 
23 3 5 7 
23 3 5 
23 3 7 
23 3 
23 4 5 7 
23 4 5 
23 4 7 
23 4 
23 5 7 
23 5 
23 7 
23 
1 2 3 4 5 7 
1 2 3 4 5 
1 2 3 4 7 
1 2 3 4 
1 2 3 5 7 
1 2 3 5 
1 2 3 7 
1 2 3 
1 2 4 5 7 
1 2 4 5 
1 2 4 7 
1 2 4 
1 2 5 7 
1 2 5 
1 2 7 
1 2 
1 3 4 5 7 
1 3 4 5 
1 3 4 7 
1 3 4 
1 3 5 7 
1 3 5 
1 3 7 
1 3 
1 4 5 7 
1 4 5 
1 4 7 
1 4 
1 5 7 
1 5 
1 7 
1 
2 3 4 5 7 
2 3 4 5 
2 3 4 7 
2 3 4 
2 3 5 7 
2 3 5 
2 3 7 
2 3 
2 4 5 7 
2 4 5 
2 4 7 
2 4 
2 5 7 
2 5 
2 7 
2 
3 4 5 7 
3 4 5 
3 4 7 
3 4 
3 5 7 
3 5 
3 7 
3 
4 5 7 
4 5 
4 7 
4 
5 7 
5 
7 
4 10 44 43 12 9 8 2 
4 10 44 43 12 9 8 
4 10 44 43 12 9 2 
4 10 44 43 12 9 
4 10 44 43 12 8 2 
4 10 44 43 12 8 
4 10 44 43 12 2 
4 10 44 43 12 
4 10 44 43 9 8 2 
4 10 44 43 9 8 
4 10 44 43 9 2 
4 10 44 43 9 
4 10 44 43 8 2 
4 10 44 43 8 
4 10 44 43 2 
4 10 44 43 
4 10 44 12 9 8 2 
4 10 44 12 9 8 
4 10 44 12 9 2 
4 10 44 12 9 
4 10 44 12 8 2 
4 10 44 12 8 
4 10 44 12 2 
4 10 44 12 
4 10 44 9 8 2 
4 10 44 9 8 
4 10 44 9 2 
4 10 44 9 
4 10 44 8 2 
4 10 44 8 
4 10 44 2 
4 10 44 
4 10 43 12 9 8 2 
4 10 43 12 9 8 
4 10 43 12 9 2 
4 10 43 12 9 
4 10 43 12 8 2 
4 10 43 12 8 
4 10 43 12 2 
4 10 43 12 
4 10 43 9 8 2 
4 10 43 9 8 
4 10 43 9 2 
4 10 43 9 
4 10 43 8 2 
4 10 43 8 
4 10 43 2 
4 10 43 
4 10 12 9 8 2 
4 10 12 9 8 
4 10 12 9 2 
4 10 12 9 
4 10 12 8 2 
4 10 12 8 
4 10 12 2 
4 10 12 
4 10 9 8 2 
4 10 9 8 
4 10 9 2 
4 10 9 
4 10 8 2 
4 10 8 
4 10 2 
4 10 
4 44 43 12 9 8 2 
4 44 43 12 9 8 
4 44 43 12 9 2 
4 44 43 12 9 
4 44 43 12 8 2 
4 44 43 12 8 
4 44 43 12 2 
4 44 43 12 
4 44 43 9 8 2 
4 44 43 9 8 
4 44 43 9 2 
4 44 43 9 
4 44 43 8 2 
4 44 43 8 
4 44 43 2 
4 44 43 
4 44 12 9 8 2 
4 44 12 9 8 
4 44 12 9 2 
4 44 12 9 
4 44 12 8 2 
4 44 12 8 
4 44 12 2 
4 44 12 
4 44 9 8 2 
4 44 9 8 
4 44 9 2 
4 44 9 
4 44 8 2 
4 44 8 
4 44 2 
4 44 
4 43 12 9 8 2 
4 43 12 9 8 
4 43 12 9 2 
4 43 12 9 
4 43 12 8 2 
4 43 12 8 
4 43 12 2 
4 43 12 
4 43 9 8 2 
4 43 9 8 
4 43 9 2 
4 43 9 
4 43 8 2 
4 43 8 
4 43 2 
4 43 
4 12 9 8 2 
4 12 9 8 
4 12 9 2 
4 12 9 
4 12 8 2 
4 12 8 
4 12 2 
4 12 
4 9 8 2 
4 9 8 
4 9 2 
4 9 
4 8 2 
4 8 
4 2 
4 
10 44 43 12 9 8 2 
10 44 43 12 9 8 
10 44 43 12 9 2 
10 44 43 12 9 
10 44 43 12 8 2 
10 44 43 12 8 
10 44 43 12 2 
10 44 43 12 
10 44 43 9 8 2 
10 44 43 9 8 
10 44 43 9 2 
10 44 43 9 
10 44 43 8 2 
10 44 43 8 
10 44 43 2 
10 44 43 
10 44 12 9 8 2 
10 44 12 9 8 
10 44 12 9 2 
10 44 12 9 
10 44 12 8 2 
10 44 12 8 
10 44 12 2 
10 44 12 
10 44 9 8 2 
10 44 9 8 
10 44 9 2 
10 44 9 
10 44 8 2 
10 44 8 
10 44 2 
10 44 
10 43 12 9 8 2 
10 43 12 9 8 
10 43 12 9 2 
10 43 12 9 
10 43 12 8 2 
10 43 12 8 
10 43 12 2 
10 43 12 
10 43 9 8 2 
10 43 9 8 
10 43 9 2 
10 43 9 
10 43 8 2 
10 43 8 
10 43 2 
10 43 
10 12 9 8 2 
10 12 9 8 
10 12 9 2 
10 12 9 
10 12 8 2 
10 12 8 
10 12 2 
10 12 
10 9 8 2 
10 9 8 
10 9 2 
10 9 
10 8 2 
10 8 
10 2 
10 
44 43 12 9 8 2 
44 43 12 9 8 
44 43 12 9 2 
44 43 12 9 
44 43 12 8 2 
44 43 12 8 
44 43 12 2 
44 43 12 
44 43 9 8 2 
44 43 9 8 
44 43 9 2 
44 43 9 
44 43 8 2 
44 43 8 
44 43 2 
44 43 
44 12 9 8 2 
44 12 9 8 
44 12 9 2 
44 12 9 
44 12 8 2 
44 12 8 
44 12 2 
44 12 
44 9 8 2 
44 9 8 
44 9 2 
44 9 
44 8 2 
44 8 
44 2 
44 
43 12 9 8 2 
43 12 9 8 
43 12 9 2 
43 12 9 
43 12 8 2 
43 12 8 
43 12 2 
43 12 
43 9 8 2 
43 9 8 
43 9 2 
43 9 
43 8 2 
43 8 
43 2 
43 
12 9 8 2 
12 9 8 
12 9 2 
12 9 
12 8 2 
12 8 
12 2 
12 
9 8 2 
9 8 
9 2 
9 
8 2 
8 
2 
